{
 "cells": [
  {
   "cell_type": "markdown",
   "metadata": {},
   "source": [
    "# Exploratory Data Analysis"
   ]
  },
  {
   "cell_type": "markdown",
   "metadata": {},
   "source": [
    "### 1. Correlations"
   ]
  },
  {
   "cell_type": "code",
   "execution_count": 40,
   "metadata": {},
   "outputs": [
    {
     "data": {
      "text/html": [
       "<div>\n",
       "<style scoped>\n",
       "    .dataframe tbody tr th:only-of-type {\n",
       "        vertical-align: middle;\n",
       "    }\n",
       "\n",
       "    .dataframe tbody tr th {\n",
       "        vertical-align: top;\n",
       "    }\n",
       "\n",
       "    .dataframe thead th {\n",
       "        text-align: right;\n",
       "    }\n",
       "</style>\n",
       "<table border=\"1\" class=\"dataframe\">\n",
       "  <thead>\n",
       "    <tr style=\"text-align: right;\">\n",
       "      <th></th>\n",
       "      <th>Budget</th>\n",
       "      <th>Popularity</th>\n",
       "      <th>Revenue</th>\n",
       "      <th>Runtime</th>\n",
       "      <th>Vote Average</th>\n",
       "      <th>Vote Count</th>\n",
       "      <th>Month</th>\n",
       "      <th>Season Released</th>\n",
       "      <th>Action</th>\n",
       "      <th>Adventure</th>\n",
       "      <th>...</th>\n",
       "      <th>Crime</th>\n",
       "      <th>Documentary</th>\n",
       "      <th>Drama</th>\n",
       "      <th>Family</th>\n",
       "      <th>Fantasy</th>\n",
       "      <th>Horror</th>\n",
       "      <th>Mystery</th>\n",
       "      <th>Romance</th>\n",
       "      <th>Science Fiction</th>\n",
       "      <th>Thriller</th>\n",
       "    </tr>\n",
       "  </thead>\n",
       "  <tbody>\n",
       "    <tr>\n",
       "      <th>Budget</th>\n",
       "      <td>1.000000</td>\n",
       "      <td>0.339226</td>\n",
       "      <td>0.745833</td>\n",
       "      <td>0.218812</td>\n",
       "      <td>0.028364</td>\n",
       "      <td>0.622118</td>\n",
       "      <td>0.037139</td>\n",
       "      <td>-0.014766</td>\n",
       "      <td>0.165690</td>\n",
       "      <td>0.230195</td>\n",
       "      <td>...</td>\n",
       "      <td>-0.031952</td>\n",
       "      <td>-0.096033</td>\n",
       "      <td>-0.152945</td>\n",
       "      <td>0.052404</td>\n",
       "      <td>0.058594</td>\n",
       "      <td>-0.075396</td>\n",
       "      <td>-0.020613</td>\n",
       "      <td>-0.034771</td>\n",
       "      <td>0.074644</td>\n",
       "      <td>-0.003830</td>\n",
       "    </tr>\n",
       "    <tr>\n",
       "      <th>Popularity</th>\n",
       "      <td>0.339226</td>\n",
       "      <td>1.000000</td>\n",
       "      <td>0.457221</td>\n",
       "      <td>0.115687</td>\n",
       "      <td>0.161939</td>\n",
       "      <td>0.495974</td>\n",
       "      <td>0.018187</td>\n",
       "      <td>0.012889</td>\n",
       "      <td>0.067963</td>\n",
       "      <td>0.069191</td>\n",
       "      <td>...</td>\n",
       "      <td>-0.002827</td>\n",
       "      <td>-0.075457</td>\n",
       "      <td>-0.063354</td>\n",
       "      <td>0.092844</td>\n",
       "      <td>0.014427</td>\n",
       "      <td>0.012386</td>\n",
       "      <td>0.020163</td>\n",
       "      <td>-0.025999</td>\n",
       "      <td>0.055770</td>\n",
       "      <td>0.021284</td>\n",
       "    </tr>\n",
       "    <tr>\n",
       "      <th>Revenue</th>\n",
       "      <td>0.745833</td>\n",
       "      <td>0.457221</td>\n",
       "      <td>1.000000</td>\n",
       "      <td>0.207744</td>\n",
       "      <td>0.151905</td>\n",
       "      <td>0.781872</td>\n",
       "      <td>0.036921</td>\n",
       "      <td>-0.020461</td>\n",
       "      <td>0.097715</td>\n",
       "      <td>0.192190</td>\n",
       "      <td>...</td>\n",
       "      <td>-0.043398</td>\n",
       "      <td>-0.071113</td>\n",
       "      <td>-0.132563</td>\n",
       "      <td>0.073662</td>\n",
       "      <td>0.040687</td>\n",
       "      <td>-0.045040</td>\n",
       "      <td>-0.018235</td>\n",
       "      <td>-0.016230</td>\n",
       "      <td>0.069037</td>\n",
       "      <td>-0.013708</td>\n",
       "    </tr>\n",
       "    <tr>\n",
       "      <th>Runtime</th>\n",
       "      <td>0.218812</td>\n",
       "      <td>0.115687</td>\n",
       "      <td>0.207744</td>\n",
       "      <td>1.000000</td>\n",
       "      <td>0.300079</td>\n",
       "      <td>0.218275</td>\n",
       "      <td>0.125611</td>\n",
       "      <td>-0.002438</td>\n",
       "      <td>0.059501</td>\n",
       "      <td>0.062463</td>\n",
       "      <td>...</td>\n",
       "      <td>0.032259</td>\n",
       "      <td>-0.075161</td>\n",
       "      <td>0.205566</td>\n",
       "      <td>-0.067091</td>\n",
       "      <td>-0.018241</td>\n",
       "      <td>-0.117810</td>\n",
       "      <td>-0.009317</td>\n",
       "      <td>-0.000092</td>\n",
       "      <td>0.018948</td>\n",
       "      <td>0.008432</td>\n",
       "    </tr>\n",
       "    <tr>\n",
       "      <th>Vote Average</th>\n",
       "      <td>0.028364</td>\n",
       "      <td>0.161939</td>\n",
       "      <td>0.151905</td>\n",
       "      <td>0.300079</td>\n",
       "      <td>1.000000</td>\n",
       "      <td>0.273734</td>\n",
       "      <td>0.092543</td>\n",
       "      <td>0.028544</td>\n",
       "      <td>-0.078941</td>\n",
       "      <td>0.028446</td>\n",
       "      <td>...</td>\n",
       "      <td>0.064651</td>\n",
       "      <td>0.041089</td>\n",
       "      <td>0.156697</td>\n",
       "      <td>-0.008190</td>\n",
       "      <td>-0.007328</td>\n",
       "      <td>-0.101364</td>\n",
       "      <td>0.000739</td>\n",
       "      <td>-0.018287</td>\n",
       "      <td>-0.002671</td>\n",
       "      <td>-0.024939</td>\n",
       "    </tr>\n",
       "    <tr>\n",
       "      <th>Vote Count</th>\n",
       "      <td>0.622118</td>\n",
       "      <td>0.495974</td>\n",
       "      <td>0.781872</td>\n",
       "      <td>0.218275</td>\n",
       "      <td>0.273734</td>\n",
       "      <td>1.000000</td>\n",
       "      <td>0.033412</td>\n",
       "      <td>0.004752</td>\n",
       "      <td>0.094623</td>\n",
       "      <td>0.152246</td>\n",
       "      <td>...</td>\n",
       "      <td>-0.011294</td>\n",
       "      <td>-0.074676</td>\n",
       "      <td>-0.098584</td>\n",
       "      <td>0.028067</td>\n",
       "      <td>0.035172</td>\n",
       "      <td>-0.016636</td>\n",
       "      <td>-0.007458</td>\n",
       "      <td>-0.022194</td>\n",
       "      <td>0.100936</td>\n",
       "      <td>0.017220</td>\n",
       "    </tr>\n",
       "    <tr>\n",
       "      <th>Month</th>\n",
       "      <td>0.037139</td>\n",
       "      <td>0.018187</td>\n",
       "      <td>0.036921</td>\n",
       "      <td>0.125611</td>\n",
       "      <td>0.092543</td>\n",
       "      <td>0.033412</td>\n",
       "      <td>1.000000</td>\n",
       "      <td>0.532955</td>\n",
       "      <td>-0.047287</td>\n",
       "      <td>0.022869</td>\n",
       "      <td>...</td>\n",
       "      <td>-0.004622</td>\n",
       "      <td>-0.025588</td>\n",
       "      <td>0.089776</td>\n",
       "      <td>-0.002818</td>\n",
       "      <td>-0.015531</td>\n",
       "      <td>-0.008832</td>\n",
       "      <td>-0.014769</td>\n",
       "      <td>-0.020564</td>\n",
       "      <td>-0.004608</td>\n",
       "      <td>-0.001737</td>\n",
       "    </tr>\n",
       "    <tr>\n",
       "      <th>Season Released</th>\n",
       "      <td>-0.014766</td>\n",
       "      <td>0.012889</td>\n",
       "      <td>-0.020461</td>\n",
       "      <td>-0.002438</td>\n",
       "      <td>0.028544</td>\n",
       "      <td>0.004752</td>\n",
       "      <td>0.532955</td>\n",
       "      <td>1.000000</td>\n",
       "      <td>-0.037250</td>\n",
       "      <td>-0.008005</td>\n",
       "      <td>...</td>\n",
       "      <td>0.009930</td>\n",
       "      <td>0.018874</td>\n",
       "      <td>0.044090</td>\n",
       "      <td>0.020192</td>\n",
       "      <td>-0.015489</td>\n",
       "      <td>0.020328</td>\n",
       "      <td>0.011036</td>\n",
       "      <td>-0.001033</td>\n",
       "      <td>0.003165</td>\n",
       "      <td>0.001649</td>\n",
       "    </tr>\n",
       "    <tr>\n",
       "      <th>Action</th>\n",
       "      <td>0.165690</td>\n",
       "      <td>0.067963</td>\n",
       "      <td>0.097715</td>\n",
       "      <td>0.059501</td>\n",
       "      <td>-0.078941</td>\n",
       "      <td>0.094623</td>\n",
       "      <td>-0.047287</td>\n",
       "      <td>-0.037250</td>\n",
       "      <td>1.000000</td>\n",
       "      <td>-0.119055</td>\n",
       "      <td>...</td>\n",
       "      <td>-0.098470</td>\n",
       "      <td>-0.073103</td>\n",
       "      <td>-0.270862</td>\n",
       "      <td>-0.047024</td>\n",
       "      <td>-0.071897</td>\n",
       "      <td>-0.108711</td>\n",
       "      <td>-0.050512</td>\n",
       "      <td>-0.070671</td>\n",
       "      <td>-0.057131</td>\n",
       "      <td>-0.086242</td>\n",
       "    </tr>\n",
       "    <tr>\n",
       "      <th>Adventure</th>\n",
       "      <td>0.230195</td>\n",
       "      <td>0.069191</td>\n",
       "      <td>0.192190</td>\n",
       "      <td>0.062463</td>\n",
       "      <td>0.028446</td>\n",
       "      <td>0.152246</td>\n",
       "      <td>0.022869</td>\n",
       "      <td>-0.008005</td>\n",
       "      <td>-0.119055</td>\n",
       "      <td>1.000000</td>\n",
       "      <td>...</td>\n",
       "      <td>-0.058832</td>\n",
       "      <td>-0.043677</td>\n",
       "      <td>-0.161830</td>\n",
       "      <td>-0.028095</td>\n",
       "      <td>-0.042956</td>\n",
       "      <td>-0.064951</td>\n",
       "      <td>-0.030179</td>\n",
       "      <td>-0.042224</td>\n",
       "      <td>-0.034133</td>\n",
       "      <td>-0.051527</td>\n",
       "    </tr>\n",
       "    <tr>\n",
       "      <th>Animation</th>\n",
       "      <td>0.125660</td>\n",
       "      <td>0.024545</td>\n",
       "      <td>0.133963</td>\n",
       "      <td>-0.142470</td>\n",
       "      <td>0.047877</td>\n",
       "      <td>0.073357</td>\n",
       "      <td>-0.002684</td>\n",
       "      <td>0.008126</td>\n",
       "      <td>-0.073303</td>\n",
       "      <td>-0.043796</td>\n",
       "      <td>...</td>\n",
       "      <td>-0.036223</td>\n",
       "      <td>-0.026892</td>\n",
       "      <td>-0.099640</td>\n",
       "      <td>-0.017298</td>\n",
       "      <td>-0.026448</td>\n",
       "      <td>-0.039991</td>\n",
       "      <td>-0.018581</td>\n",
       "      <td>-0.025997</td>\n",
       "      <td>-0.021016</td>\n",
       "      <td>-0.031725</td>\n",
       "    </tr>\n",
       "    <tr>\n",
       "      <th>Comedy</th>\n",
       "      <td>-0.115150</td>\n",
       "      <td>-0.071958</td>\n",
       "      <td>-0.076576</td>\n",
       "      <td>-0.162090</td>\n",
       "      <td>-0.101609</td>\n",
       "      <td>-0.104341</td>\n",
       "      <td>-0.028894</td>\n",
       "      <td>-0.039268</td>\n",
       "      <td>-0.235771</td>\n",
       "      <td>-0.140865</td>\n",
       "      <td>...</td>\n",
       "      <td>-0.116508</td>\n",
       "      <td>-0.086495</td>\n",
       "      <td>-0.320482</td>\n",
       "      <td>-0.055639</td>\n",
       "      <td>-0.085068</td>\n",
       "      <td>-0.128627</td>\n",
       "      <td>-0.059765</td>\n",
       "      <td>-0.083618</td>\n",
       "      <td>-0.067596</td>\n",
       "      <td>-0.102041</td>\n",
       "    </tr>\n",
       "    <tr>\n",
       "      <th>Crime</th>\n",
       "      <td>-0.031952</td>\n",
       "      <td>-0.002827</td>\n",
       "      <td>-0.043398</td>\n",
       "      <td>0.032259</td>\n",
       "      <td>0.064651</td>\n",
       "      <td>-0.011294</td>\n",
       "      <td>-0.004622</td>\n",
       "      <td>0.009930</td>\n",
       "      <td>-0.098470</td>\n",
       "      <td>-0.058832</td>\n",
       "      <td>...</td>\n",
       "      <td>1.000000</td>\n",
       "      <td>-0.036125</td>\n",
       "      <td>-0.133849</td>\n",
       "      <td>-0.023237</td>\n",
       "      <td>-0.035528</td>\n",
       "      <td>-0.053721</td>\n",
       "      <td>-0.024961</td>\n",
       "      <td>-0.034923</td>\n",
       "      <td>-0.028232</td>\n",
       "      <td>-0.042617</td>\n",
       "    </tr>\n",
       "    <tr>\n",
       "      <th>Documentary</th>\n",
       "      <td>-0.096033</td>\n",
       "      <td>-0.075457</td>\n",
       "      <td>-0.071113</td>\n",
       "      <td>-0.075161</td>\n",
       "      <td>0.041089</td>\n",
       "      <td>-0.074676</td>\n",
       "      <td>-0.025588</td>\n",
       "      <td>0.018874</td>\n",
       "      <td>-0.073103</td>\n",
       "      <td>-0.043677</td>\n",
       "      <td>...</td>\n",
       "      <td>-0.036125</td>\n",
       "      <td>1.000000</td>\n",
       "      <td>-0.099369</td>\n",
       "      <td>-0.017251</td>\n",
       "      <td>-0.026376</td>\n",
       "      <td>-0.039882</td>\n",
       "      <td>-0.018531</td>\n",
       "      <td>-0.025927</td>\n",
       "      <td>-0.020959</td>\n",
       "      <td>-0.031639</td>\n",
       "    </tr>\n",
       "    <tr>\n",
       "      <th>Drama</th>\n",
       "      <td>-0.152945</td>\n",
       "      <td>-0.063354</td>\n",
       "      <td>-0.132563</td>\n",
       "      <td>0.205566</td>\n",
       "      <td>0.156697</td>\n",
       "      <td>-0.098584</td>\n",
       "      <td>0.089776</td>\n",
       "      <td>0.044090</td>\n",
       "      <td>-0.270862</td>\n",
       "      <td>-0.161830</td>\n",
       "      <td>...</td>\n",
       "      <td>-0.133849</td>\n",
       "      <td>-0.099369</td>\n",
       "      <td>1.000000</td>\n",
       "      <td>-0.063920</td>\n",
       "      <td>-0.097729</td>\n",
       "      <td>-0.147771</td>\n",
       "      <td>-0.068661</td>\n",
       "      <td>-0.096063</td>\n",
       "      <td>-0.077657</td>\n",
       "      <td>-0.117228</td>\n",
       "    </tr>\n",
       "    <tr>\n",
       "      <th>Family</th>\n",
       "      <td>0.052404</td>\n",
       "      <td>0.092844</td>\n",
       "      <td>0.073662</td>\n",
       "      <td>-0.067091</td>\n",
       "      <td>-0.008190</td>\n",
       "      <td>0.028067</td>\n",
       "      <td>-0.002818</td>\n",
       "      <td>0.020192</td>\n",
       "      <td>-0.047024</td>\n",
       "      <td>-0.028095</td>\n",
       "      <td>...</td>\n",
       "      <td>-0.023237</td>\n",
       "      <td>-0.017251</td>\n",
       "      <td>-0.063920</td>\n",
       "      <td>1.000000</td>\n",
       "      <td>-0.016967</td>\n",
       "      <td>-0.025654</td>\n",
       "      <td>-0.011920</td>\n",
       "      <td>-0.016677</td>\n",
       "      <td>-0.013482</td>\n",
       "      <td>-0.020352</td>\n",
       "    </tr>\n",
       "    <tr>\n",
       "      <th>Fantasy</th>\n",
       "      <td>0.058594</td>\n",
       "      <td>0.014427</td>\n",
       "      <td>0.040687</td>\n",
       "      <td>-0.018241</td>\n",
       "      <td>-0.007328</td>\n",
       "      <td>0.035172</td>\n",
       "      <td>-0.015531</td>\n",
       "      <td>-0.015489</td>\n",
       "      <td>-0.071897</td>\n",
       "      <td>-0.042956</td>\n",
       "      <td>...</td>\n",
       "      <td>-0.035528</td>\n",
       "      <td>-0.026376</td>\n",
       "      <td>-0.097729</td>\n",
       "      <td>-0.016967</td>\n",
       "      <td>1.000000</td>\n",
       "      <td>-0.039224</td>\n",
       "      <td>-0.018225</td>\n",
       "      <td>-0.025499</td>\n",
       "      <td>-0.020613</td>\n",
       "      <td>-0.031117</td>\n",
       "    </tr>\n",
       "    <tr>\n",
       "      <th>Horror</th>\n",
       "      <td>-0.075396</td>\n",
       "      <td>0.012386</td>\n",
       "      <td>-0.045040</td>\n",
       "      <td>-0.117810</td>\n",
       "      <td>-0.101364</td>\n",
       "      <td>-0.016636</td>\n",
       "      <td>-0.008832</td>\n",
       "      <td>0.020328</td>\n",
       "      <td>-0.108711</td>\n",
       "      <td>-0.064951</td>\n",
       "      <td>...</td>\n",
       "      <td>-0.053721</td>\n",
       "      <td>-0.039882</td>\n",
       "      <td>-0.147771</td>\n",
       "      <td>-0.025654</td>\n",
       "      <td>-0.039224</td>\n",
       "      <td>1.000000</td>\n",
       "      <td>-0.027557</td>\n",
       "      <td>-0.038555</td>\n",
       "      <td>-0.031168</td>\n",
       "      <td>-0.047050</td>\n",
       "    </tr>\n",
       "    <tr>\n",
       "      <th>Mystery</th>\n",
       "      <td>-0.020613</td>\n",
       "      <td>0.020163</td>\n",
       "      <td>-0.018235</td>\n",
       "      <td>-0.009317</td>\n",
       "      <td>0.000739</td>\n",
       "      <td>-0.007458</td>\n",
       "      <td>-0.014769</td>\n",
       "      <td>0.011036</td>\n",
       "      <td>-0.050512</td>\n",
       "      <td>-0.030179</td>\n",
       "      <td>...</td>\n",
       "      <td>-0.024961</td>\n",
       "      <td>-0.018531</td>\n",
       "      <td>-0.068661</td>\n",
       "      <td>-0.011920</td>\n",
       "      <td>-0.018225</td>\n",
       "      <td>-0.027557</td>\n",
       "      <td>1.000000</td>\n",
       "      <td>-0.017914</td>\n",
       "      <td>-0.014482</td>\n",
       "      <td>-0.021861</td>\n",
       "    </tr>\n",
       "    <tr>\n",
       "      <th>Romance</th>\n",
       "      <td>-0.034771</td>\n",
       "      <td>-0.025999</td>\n",
       "      <td>-0.016230</td>\n",
       "      <td>-0.000092</td>\n",
       "      <td>-0.018287</td>\n",
       "      <td>-0.022194</td>\n",
       "      <td>-0.020564</td>\n",
       "      <td>-0.001033</td>\n",
       "      <td>-0.070671</td>\n",
       "      <td>-0.042224</td>\n",
       "      <td>...</td>\n",
       "      <td>-0.034923</td>\n",
       "      <td>-0.025927</td>\n",
       "      <td>-0.096063</td>\n",
       "      <td>-0.016677</td>\n",
       "      <td>-0.025499</td>\n",
       "      <td>-0.038555</td>\n",
       "      <td>-0.017914</td>\n",
       "      <td>1.000000</td>\n",
       "      <td>-0.020262</td>\n",
       "      <td>-0.030586</td>\n",
       "    </tr>\n",
       "    <tr>\n",
       "      <th>Science Fiction</th>\n",
       "      <td>0.074644</td>\n",
       "      <td>0.055770</td>\n",
       "      <td>0.069037</td>\n",
       "      <td>0.018948</td>\n",
       "      <td>-0.002671</td>\n",
       "      <td>0.100936</td>\n",
       "      <td>-0.004608</td>\n",
       "      <td>0.003165</td>\n",
       "      <td>-0.057131</td>\n",
       "      <td>-0.034133</td>\n",
       "      <td>...</td>\n",
       "      <td>-0.028232</td>\n",
       "      <td>-0.020959</td>\n",
       "      <td>-0.077657</td>\n",
       "      <td>-0.013482</td>\n",
       "      <td>-0.020613</td>\n",
       "      <td>-0.031168</td>\n",
       "      <td>-0.014482</td>\n",
       "      <td>-0.020262</td>\n",
       "      <td>1.000000</td>\n",
       "      <td>-0.024726</td>\n",
       "    </tr>\n",
       "    <tr>\n",
       "      <th>Thriller</th>\n",
       "      <td>-0.003830</td>\n",
       "      <td>0.021284</td>\n",
       "      <td>-0.013708</td>\n",
       "      <td>0.008432</td>\n",
       "      <td>-0.024939</td>\n",
       "      <td>0.017220</td>\n",
       "      <td>-0.001737</td>\n",
       "      <td>0.001649</td>\n",
       "      <td>-0.086242</td>\n",
       "      <td>-0.051527</td>\n",
       "      <td>...</td>\n",
       "      <td>-0.042617</td>\n",
       "      <td>-0.031639</td>\n",
       "      <td>-0.117228</td>\n",
       "      <td>-0.020352</td>\n",
       "      <td>-0.031117</td>\n",
       "      <td>-0.047050</td>\n",
       "      <td>-0.021861</td>\n",
       "      <td>-0.030586</td>\n",
       "      <td>-0.024726</td>\n",
       "      <td>1.000000</td>\n",
       "    </tr>\n",
       "  </tbody>\n",
       "</table>\n",
       "<p>22 rows × 22 columns</p>\n",
       "</div>"
      ],
      "text/plain": [
       "                   Budget  Popularity   Revenue   Runtime  Vote Average  \\\n",
       "Budget           1.000000    0.339226  0.745833  0.218812      0.028364   \n",
       "Popularity       0.339226    1.000000  0.457221  0.115687      0.161939   \n",
       "Revenue          0.745833    0.457221  1.000000  0.207744      0.151905   \n",
       "Runtime          0.218812    0.115687  0.207744  1.000000      0.300079   \n",
       "Vote Average     0.028364    0.161939  0.151905  0.300079      1.000000   \n",
       "Vote Count       0.622118    0.495974  0.781872  0.218275      0.273734   \n",
       "Month            0.037139    0.018187  0.036921  0.125611      0.092543   \n",
       "Season Released -0.014766    0.012889 -0.020461 -0.002438      0.028544   \n",
       "Action           0.165690    0.067963  0.097715  0.059501     -0.078941   \n",
       "Adventure        0.230195    0.069191  0.192190  0.062463      0.028446   \n",
       "Animation        0.125660    0.024545  0.133963 -0.142470      0.047877   \n",
       "Comedy          -0.115150   -0.071958 -0.076576 -0.162090     -0.101609   \n",
       "Crime           -0.031952   -0.002827 -0.043398  0.032259      0.064651   \n",
       "Documentary     -0.096033   -0.075457 -0.071113 -0.075161      0.041089   \n",
       "Drama           -0.152945   -0.063354 -0.132563  0.205566      0.156697   \n",
       "Family           0.052404    0.092844  0.073662 -0.067091     -0.008190   \n",
       "Fantasy          0.058594    0.014427  0.040687 -0.018241     -0.007328   \n",
       "Horror          -0.075396    0.012386 -0.045040 -0.117810     -0.101364   \n",
       "Mystery         -0.020613    0.020163 -0.018235 -0.009317      0.000739   \n",
       "Romance         -0.034771   -0.025999 -0.016230 -0.000092     -0.018287   \n",
       "Science Fiction  0.074644    0.055770  0.069037  0.018948     -0.002671   \n",
       "Thriller        -0.003830    0.021284 -0.013708  0.008432     -0.024939   \n",
       "\n",
       "                 Vote Count     Month  Season Released    Action  Adventure  \\\n",
       "Budget             0.622118  0.037139        -0.014766  0.165690   0.230195   \n",
       "Popularity         0.495974  0.018187         0.012889  0.067963   0.069191   \n",
       "Revenue            0.781872  0.036921        -0.020461  0.097715   0.192190   \n",
       "Runtime            0.218275  0.125611        -0.002438  0.059501   0.062463   \n",
       "Vote Average       0.273734  0.092543         0.028544 -0.078941   0.028446   \n",
       "Vote Count         1.000000  0.033412         0.004752  0.094623   0.152246   \n",
       "Month              0.033412  1.000000         0.532955 -0.047287   0.022869   \n",
       "Season Released    0.004752  0.532955         1.000000 -0.037250  -0.008005   \n",
       "Action             0.094623 -0.047287        -0.037250  1.000000  -0.119055   \n",
       "Adventure          0.152246  0.022869        -0.008005 -0.119055   1.000000   \n",
       "Animation          0.073357 -0.002684         0.008126 -0.073303  -0.043796   \n",
       "Comedy            -0.104341 -0.028894        -0.039268 -0.235771  -0.140865   \n",
       "Crime             -0.011294 -0.004622         0.009930 -0.098470  -0.058832   \n",
       "Documentary       -0.074676 -0.025588         0.018874 -0.073103  -0.043677   \n",
       "Drama             -0.098584  0.089776         0.044090 -0.270862  -0.161830   \n",
       "Family             0.028067 -0.002818         0.020192 -0.047024  -0.028095   \n",
       "Fantasy            0.035172 -0.015531        -0.015489 -0.071897  -0.042956   \n",
       "Horror            -0.016636 -0.008832         0.020328 -0.108711  -0.064951   \n",
       "Mystery           -0.007458 -0.014769         0.011036 -0.050512  -0.030179   \n",
       "Romance           -0.022194 -0.020564        -0.001033 -0.070671  -0.042224   \n",
       "Science Fiction    0.100936 -0.004608         0.003165 -0.057131  -0.034133   \n",
       "Thriller           0.017220 -0.001737         0.001649 -0.086242  -0.051527   \n",
       "\n",
       "                 ...     Crime  Documentary     Drama    Family   Fantasy  \\\n",
       "Budget           ... -0.031952    -0.096033 -0.152945  0.052404  0.058594   \n",
       "Popularity       ... -0.002827    -0.075457 -0.063354  0.092844  0.014427   \n",
       "Revenue          ... -0.043398    -0.071113 -0.132563  0.073662  0.040687   \n",
       "Runtime          ...  0.032259    -0.075161  0.205566 -0.067091 -0.018241   \n",
       "Vote Average     ...  0.064651     0.041089  0.156697 -0.008190 -0.007328   \n",
       "Vote Count       ... -0.011294    -0.074676 -0.098584  0.028067  0.035172   \n",
       "Month            ... -0.004622    -0.025588  0.089776 -0.002818 -0.015531   \n",
       "Season Released  ...  0.009930     0.018874  0.044090  0.020192 -0.015489   \n",
       "Action           ... -0.098470    -0.073103 -0.270862 -0.047024 -0.071897   \n",
       "Adventure        ... -0.058832    -0.043677 -0.161830 -0.028095 -0.042956   \n",
       "Animation        ... -0.036223    -0.026892 -0.099640 -0.017298 -0.026448   \n",
       "Comedy           ... -0.116508    -0.086495 -0.320482 -0.055639 -0.085068   \n",
       "Crime            ...  1.000000    -0.036125 -0.133849 -0.023237 -0.035528   \n",
       "Documentary      ... -0.036125     1.000000 -0.099369 -0.017251 -0.026376   \n",
       "Drama            ... -0.133849    -0.099369  1.000000 -0.063920 -0.097729   \n",
       "Family           ... -0.023237    -0.017251 -0.063920  1.000000 -0.016967   \n",
       "Fantasy          ... -0.035528    -0.026376 -0.097729 -0.016967  1.000000   \n",
       "Horror           ... -0.053721    -0.039882 -0.147771 -0.025654 -0.039224   \n",
       "Mystery          ... -0.024961    -0.018531 -0.068661 -0.011920 -0.018225   \n",
       "Romance          ... -0.034923    -0.025927 -0.096063 -0.016677 -0.025499   \n",
       "Science Fiction  ... -0.028232    -0.020959 -0.077657 -0.013482 -0.020613   \n",
       "Thriller         ... -0.042617    -0.031639 -0.117228 -0.020352 -0.031117   \n",
       "\n",
       "                   Horror   Mystery   Romance  Science Fiction  Thriller  \n",
       "Budget          -0.075396 -0.020613 -0.034771         0.074644 -0.003830  \n",
       "Popularity       0.012386  0.020163 -0.025999         0.055770  0.021284  \n",
       "Revenue         -0.045040 -0.018235 -0.016230         0.069037 -0.013708  \n",
       "Runtime         -0.117810 -0.009317 -0.000092         0.018948  0.008432  \n",
       "Vote Average    -0.101364  0.000739 -0.018287        -0.002671 -0.024939  \n",
       "Vote Count      -0.016636 -0.007458 -0.022194         0.100936  0.017220  \n",
       "Month           -0.008832 -0.014769 -0.020564        -0.004608 -0.001737  \n",
       "Season Released  0.020328  0.011036 -0.001033         0.003165  0.001649  \n",
       "Action          -0.108711 -0.050512 -0.070671        -0.057131 -0.086242  \n",
       "Adventure       -0.064951 -0.030179 -0.042224        -0.034133 -0.051527  \n",
       "Animation       -0.039991 -0.018581 -0.025997        -0.021016 -0.031725  \n",
       "Comedy          -0.128627 -0.059765 -0.083618        -0.067596 -0.102041  \n",
       "Crime           -0.053721 -0.024961 -0.034923        -0.028232 -0.042617  \n",
       "Documentary     -0.039882 -0.018531 -0.025927        -0.020959 -0.031639  \n",
       "Drama           -0.147771 -0.068661 -0.096063        -0.077657 -0.117228  \n",
       "Family          -0.025654 -0.011920 -0.016677        -0.013482 -0.020352  \n",
       "Fantasy         -0.039224 -0.018225 -0.025499        -0.020613 -0.031117  \n",
       "Horror           1.000000 -0.027557 -0.038555        -0.031168 -0.047050  \n",
       "Mystery         -0.027557  1.000000 -0.017914        -0.014482 -0.021861  \n",
       "Romance         -0.038555 -0.017914  1.000000        -0.020262 -0.030586  \n",
       "Science Fiction -0.031168 -0.014482 -0.020262         1.000000 -0.024726  \n",
       "Thriller        -0.047050 -0.021861 -0.030586        -0.024726  1.000000  \n",
       "\n",
       "[22 rows x 22 columns]"
      ]
     },
     "execution_count": 40,
     "metadata": {},
     "output_type": "execute_result"
    }
   ],
   "source": [
    "#Check correlations\n",
    "df_1.corr()"
   ]
  },
  {
   "cell_type": "code",
   "execution_count": 41,
   "metadata": {},
   "outputs": [
    {
     "data": {
